120

0101010001 001 01100001000101010111000 1000000000 000100, 0001000100
000000 0010011010, 0101000001, welches 010 ganz 0110000 00110 101, 00
1001011100ος 00 0010100] End 110 Μ10000 001 Ρ11100 000 0010 0100 00-
0001010 0000101 100 andern 11000101100001100 0010101 000100.1 00001000 00
0100110100 00 000001000010 001000110 100000010 :acqui-eva i 0001000 10
00000, 1010 10 0001000111 00 001110100 010010, 0. p. 0 100010010110, 01110
00 mogu po 00111 00000111. Ρο10101 0000111 10 mu 00110110 00010100100111,
1011 10 00110001 Μο0100000100 00100000 00011000 1000100 0010.

P. S. „Hiebey 010101 1100, 0101010011000110010100, 010 Proclama
001100 0001000 Zrin Ρο0000 0110000100, welches 00 011 0000001. 0001,
0010101000 001 Κο1000001100 0000001010οη, fiber 100000 Ρο111001100 0101
mit 11000 0010000100, 001 0010100 0101000001 110 0001010100 0011010100

’ 000Ρο1011001100001001100ος darauf 1000, 001 001011 00100110 Promulga-

tion 1000010100, 0100 01001 mit 100 10 10010010001100 1000100000000001100
0001101000, 001100001000 (so 00 hey sich 011010 1011010100 101ιο101010-
halt) 01100 0010110100 1110100 00000100 00110, 010 er sich 100 (10010οΖ010

lelffilig 0100 101, 010 0101100010οο seinos 0100011010000111000100001

173.
1670, 29 01011οα. 001.

000 10000110 1010 bar. Κο1000010100 0001000000101, 10 001000 0 gor-
&123¹in njegova 00 001000110 0100110001 00000101011100 00000010 gr.
Ibid.

174.
1670, 29 010010. 1100110000.

Κο0010110101111 0110 001. 01010 0 0001000 Molo 101 1010000, 10 000
000110 100001, 1000000101 1100101 01010100, 10 00 00 000110 vec‘ih 000000
0000000, 100 00 00 0011001 00100111, 1011 1 00010 1010, 1010 1010011 0011010
0 Ηο0010101 01 100010 0010101111. 0010001 10 000011011 0000100100, 0110 00
001 0000010 001011. [00011000 1000000110 0100 101 000110. Molo 101 1010000
,00 000000. 010100 10110 101000100000000101010 Edeta 10 1101011000, 1011
10110 0 Zagrebu. 00 0010001010 1. Zrinski ima 0 0010000 600 0010110
0100001111 00 10001011011000011. 2. 00000 1000 00110 0001100 00110 1011100
000000, 000000 i 10010100 0000, a 10 1000000 0000 u 00.
10000; 101 00 0010001 00011110 Κο0110, 0010 00 0001001100 0001110 00
10 Κο0110. 1100010000 10 10100 0001101 00110 0 Zagreb 00 30 100101
10 10 010100 101 0100100 110111. 4. 1011 10 000000 0 0010010 00010100110011
1000000000 ga, 10 10010 1010010000 010000, 10101010 01 010ςο 01000
euti. 00100 0100000111, da 00 000 001111, 11010010 000 000110 10001010
001110;000001101)01000 elabi. Kanonici nisu odgovorili‚ 001 1010 ,10
caru 001000 010001 1101010 000000 5. Ζο10011 10 0000 0000010110001101000
0 0010000 1 10 0010 00010010, 10 00 10 mnogo 00000010 01 10000 011·
01000, 1001010 0010010 10 000011. 00 10 ima 1000010010 1 0000
'Patara 00 000000, 10 1001000001111 0 01010010 1 Κο001010 1 010 mu 00

 

