210

33131, 1333 3133 31333 333 1331311311333 333133 131313313111 3311333
3311311133 33113. 11331 1313 1331113111 33333333133 31133 333133313 11313,
033133 13111, 31333331331133; Er, 1313, 3131 1313 3133131 333331, 13113 131
133131 113 11311133, 333 111313 133 1131331 331 313 33313 3331 3313311313,
33 331113 113 31133131133 133333; 313 113 11313 3313133 3133111 1313. 833-
3133131131331131311 33 133333 331133 1331131311 331133, 3133 1⁰ von 13-
333 1131133 33133 111333 ‘2⁰ von 13333 01313Η333333 13 Μ11333 331111
8311331311, 3331131333 1331 0331133 1113 13 03331133, 813331 3311 01113.

4101 3131113 03311 Zrin 1331 0331133 333 1133333333 313131133
3311331- Respa 8313 03311313 1313 333331133111331333 1133333333
13131111, 0131133 1313 1313133 Η311 31133 3331131331, 131313 33133113
3313 33133133 Feind; 33113 333 111313 31133 333113311333 3313131 33333
1133 3333331333.

4411131133 113 13333133131133133133 133133 0331133 1313 331
1111311133133331311-11333183133133331313 11131131133311313,
33311311 1313, 1113111133.

4131113 113 0333333331333 mit 133 333 1111331331 313331131131
worden? - 113333 1133, 133 1111331331 1313 333331, mann sollo 113
Β3131113 31333 33313333 1131333133 131 131133 31313333, Er 33113 331313
13331313 Panem 1311111,33333 3331113113333113113133133333.

46. 01 31311133 1333131111 3131 333113131133313333133 13333313131
-11333313331333 33331311.

41. 1133313133 3131 133 03311 333 1111 1331331 33333 1133 1133.
113331. 131113311-311333 11311333 333 31311

48. 01 133 01311313 133133113 31111333 3333333 333.. 33313311133
33 11331133, 31 33133313, 11313131, 333 11333331313331 - 113333 13,
133 01311 333 133113113 113131 33 1113131311 willens 3333333, 1313 doch
3331333 vom P. 13331311 313 33133311 31331131; 3313 11333331 3133 331333
113 313113.

401113 1333 133 01311 13131311 1331 11111133 3333333331133, 331
1313131333 33331133, 331 31 1113333333 313131 1313333 133333 333331
13131-113331 11133 3133 3131 Monath lang habe 3313 0131 mit 133
11311133 3313333331131, 133 Β311333131111313 1333 131333 33331133, 1313131
3313333133133333; 133 13331311 3333 133333111333133ς1331111113 3333
1113 331311331.

50. 01 113 3331 dem 033133 333 1111331331 333 133331131133133
3333311313, 1333 313 helffen wolton? -113333 13, 133 813 13133 33
33133 13 03133331, 1333 313 313131 1331331133, 333 8131313333 33133.

51. 01 133131131333,131 was vom 3311331133133 Β13313111313
111133133133333113131-113333 13, dieses: dass man 1133 33133333
33131133 331133, 331 33 dem Eudo 113 013313311111331 33 03333133 33311
0333131133 33033133131331333 1331333131113113 11331133 3333.

51. 01 Er 3131311333331,11333 133 0131111331130001333113333,
4000 1131133133, 131331313 0311113311 313131133 331131 - 113333 131313
3313133 31311 333331; 133 03311131 111113 13 0333333311 13303113 311313
31333113333131313333Β31311 33 133 033133 333 1111331331 131133331311.

53. 01, 1133, 3311313 3111 133 Β311113111 33 dem 0131133 13111 ge·
33113111 13131 -113333 133 13331131131 131333 131313, Β31111331,
3331313333311311, 311333 333131311, 13 3333 333133.

 

