VI

11010, 1101011111 10111110111101110011 1 organa 1101001111 1101110110 11111110-
010111101011100110111 01011 11111101, 1010 101011 001011111 1001011 ιι
1110010101 1111111 1111011010. 000 1111000 01111110 01 iliu 1111101 ili 1
10100111.

101111 nam 110110 1111100 1101111111 01111010 1100, 1010 10 1101111011
010111110010111111011010111 00110111 01011011 nam 1110101111 11010-
11111 11110111111011011110, 0101010 10 01111111 0101 1011011111100111,
1010 10011011101100, 1110011110101 11113011 redu 11111100. 1 000 11-
11000 01110110111 010- 001110 111101000110, 1010001 10011010111110
11Ιο1011111 110101111011 101110 1 1111110111110010011. 11101111110111111111
1101111 organi pratijahu 00111011 1010110111 103111110 1Η10010101, 01011-
1111 00011 0111010 011 0 111111 po 1101011 111101111111110011101 00011. 11-
01011011, 1011 00 001101110111111, 1101111111 011110111101111 010111 01 10011-
1111 1011111110 101 00101011100111Βο111 (1101111 Gomara, 101 111110
01110 19 0111110 1667, 0111010011110101101011 10011011111 1011111 1110-
1011111 Βο110110, 01 1111111101111, poslanika 110 0111010101668 godino,
10 01 1101001 11011011111 1100110 10101011 1671 10111 Μο1001111. 11110 su
001100111ἰοί 10110 01011011011 bili ο 0011011 1111 10000101 1111111111
Petra 1111010101 njegovih 11101101111, 1110 01 011 1101111 10 00111 101111 ·
1101111010 01111101 10 011 11111111 11101 1011100111 ili ungarskoj, 01011
10 00 1111100 1111100111 110101101111101 11111000101101111. 11Ιο11111 1100111101
111ος0 01 111111 1 10 1011011010111 10 1010 101100110, 1110 110 00 11-
110111 00111111 0111 11101101 11 00111 11011, 1010 10 111111 10111 11100 11019
0101111 1611 1 1101011011 01011 1011111011100001011 1001010101 101 011-

· skoga 10011. Ρ101110110111011 Η10110111 101011101100 010110 proprie·

1010 11010 veli: „Cosi 1111100 110011110 11 00100 10111 00101011, 011011·
1100101011011 paese 11 somma 1110111111“. (1.1110110111110
11011110101101Βο1001111101 10101110 11011101100111111 111 0001011010111111
XVII 11111. Fontes 101. austriae. 0011111111, 11241. 11110 11110 1010, 110 su
00 organi 1011111110, gdje god 011 bili, 101110111111111 0011111 10111101 1Η1-
0010101 1 110 01011111 00010 01111 110101010111. 110111 1111000111111011111111
111110 001011110 1101011111 10111 Μο100110, 1100101111 10111. 10011 11111-
001101, 110101 11101111, 110111011011 1101101Ρο110, 010011111111011, 10011-
111111110101, 1111110 1111110111, 1001111111 1 Rima, 11 11011 11111110 Β11-
11111, gen. 1100111111 1111111011, Βο10111111111011111111, 1011111111οι1
Udini i FranJa 1111110111 0110111011 1100111101Ρ11111 1111010101. 11010-

¹ “ 101111111εο 1 1101101110 011οο011 1 11111011, 1010 10 01010 01101110 000·

1111 01101011 11 11111000 1101011110. - ”

· 111110101001110101111011 1100101111 00. 0101100 101111-
skoga 10011 1 Βο11. Sto 10 10011111 01011111010110101Η10110101 1 par· ⁶
1100 proti 101011 11001011 110111111101110, 10 10 01 11110010 00. 0101101,

 

