433

ich 3133113331131 11333331 11111313. May. vor 13113331 1113113333; 1111
31 331131 11 mih 131 11313 1311311. 1311131131 mit (1311111331 Memorial-
131 13111131133131333111311311113131 Μ311111333131 1311133311, 131311
1131 11133 1131131133.

11311333 311333 11311333 11331 Κ1333. May. 31333 1333133111311333
311313131133313111133331, Κ13113 1111131131 313. 31131 313113331311111-
131 111 311 1333111 131, 111 11 31131311 11111131 111 131311131133 131133·
11111, 1331111313 1311 333113131 3333 11 313131.

11331 131 khan 11 11113131131131111111133333 Μ311 1111311331 113-
1111331 8133113131 1311331Κ133. May. alls umb die ὀ. 111131 13331
11111313 1113111, 3313 1311311133 2. 0311131131 11331 1311111313113113, 113
131 3131 131 1111 1111311113131 11313131111111131 13133 1313113131 313.
311311131113133133111111, 1111 11131 33111333131 Α1331 311333131 111111
11313 11133. 3131111131 11333 311 Nay 3313113 1111131 Khyudelain 13333
11113331 3113131 11131 31131 313113331 3313333111 1333131, 131131333
13131 311311 31113331 131111133 1131133113 1313131111131, 1111 13113131

. · 13131331311331133111111133131111113311111131 1133333111313131311333131

133113311313, 11 Demo Khay. 31313111113331111Μ311311 331131 13133
31131113111113331 11 1333311311311113131313. 1113111131. 1111111113.
1131311111 31131 13111113331313331113, 3331313 11 131), 1113031131113 (113111
131 831111, 33131113 11313313111. Datum (11111131331311 3133111311 2.
1311311· 1671.

1113111131 11130311311111113111 v. Zrin 31 111133. 1333111 13-
3131131131 113331 113311131133 111 13111311313131113 11 311331111111131
31113311131131111 131111331 11 Kay. 333131. (1111 2. 131. 1611. 131
1131131 113113 darauf 31331111 worden. 11131 10. Martij 1681.

U 3. 11131131] 311111 13111311.

ma.. 133.
1671, 23131313. (1331133113311313113323133113331331133331311331313
posredovanje 11313313.

111 1331131131 1113131 (113131 1113113131111331 133133131131 1131311111
1311,13110113311Η3111133131.1133113311131113131313131,11313131Μί1
dissem sshraiben glikhsseligess frid 111 111113113131333 Ν3133 1131 Miz 31-
131 131111311111111131, 111311 311311 1133333 331131111313 1331 31311311
Μ1131131 111111333131 (13113113 3333111 1111 1131131 11 11113131, 11311333
131 3133 11111113111133 1331 311311133131 1311133113113133. (11311331
1311 311131 1311111331 1311 1311131331 111131131 3133331 1333111311333311111,
13111 Μ311 Zu 111311 Zu 131131, 31133 Zu 1113 Μ33311111333131 31131313
1133311Η311131 1111111113 111 13311131 3131 11 1113 Μ3331111131131
3133333131 Μ3113131, 3133 131111313111 11331 133113131 113131 313131 3133
Μ31133 3311131 131331313113113133331331131.11311311311131111331
1311 3111311313331311 dass sie an 113331 31113331111133111113111133
1313311131311331011111111333131, 1313 11311 1113131 1113331131311, 11
111 3113113331] 31113 1111131, 333131311311 33311 dass 1111333 11111
131333131331311113331, 313313111131311319.Μ31311133311131Μ31·
13111113131113333131311111131113111111111111313,1111131311113318131
33311333 31313131, 331131111131 13113 11111111 Μ111131131 101311331

28

 

