219

3111.

1670, 27 treverio. Udine. 3000111011001101001, 100101000010 mosmos rr Fur-
tanslroj‚ 1111011010 oresti 11 Erasistra troje 01 Jultji Frontopanlri 1011010110
1110250. m. 1101 10100110 00111110 10 1111101010, i 11011110 0110 prema, jedno

Petro Ζ111101010, 111010 reterre Julir'e. '

000111001001 10 00 111101110110 1011100101000 11 00110 10100110
1100000οο 10110001 10111 01101000 1101111011 11 pit 00111 01101 1011011011
10110 Oroatia, 001110100100111 000 1110010100 0 101011010 1011011011111
1000011110 01 publico 1110010, opert mi 10110101101011010110011010
10111101011001011110 11 22 110010, 01 101101110 011010110 00101000 11
11001011 11 211 10110.

Cho 0011110 1000010, lt 101 00110010, 0111111111 1100001110οο 1180110
(1011010010 001 10 comitiva 11 02101010010010, 001 bandiera 11101010
0 10011010 11010110 01 00010110 101 00101000 1101111011 01100010 Novi,
havendo per 011011 1111010 10110110 11 110000010 1011010111 101001101
maritimi, 001 (10011000001111111001, 0100101οὸ 1010010110101110110 10000,
110 101 1111011 10001110 010000,1101000011110100101100011110011001 11011011.
01101010 00111010 10011111 questo 10010, 11001111 10111 11011101 0011011
811110, 010 por 11110 00101001 10101011011110001 001001101101011000 010010,
00 0110 00010100 101 (101011111001110101, ohe 00101 10 10000100, 1010
stessi 01101010 01 11001110110, 1011011010 10011011 10111 castelli 11 Β111111,
Κ1100010, 1110101101, Η10111, 10110111, Βο11011 0 (11011101 000 10111 11
vassalli del Vindol: quali 11001111 001101000110 101 10110 (10101010 01 1101101010
001 0000 01 possesso di Bulari, 1010 01 11010110 110111 110. 10 1000 11 questi
10001111 1011110 00100 101000 0011111010 0 1111101110 101 11011011, 10 01
00, 00 01101101110110111000100, 0 01101011 111 110010. L’ operationi pert
delli vinoitori 001001010 11 11011001 11 10110 000 11 1100110110 0110110101
0000101101111 mobili 0 10100100, 010 01110 101 timess, 0110 100 0 110
110111 11 011010, 10001010 per 00110101 eomodo di 00110110. Partito il
Generale 0110101001011000 1000 11 00110 Ρ110101001, capitano di Zum-
110111110100011110011 11 habitor 10 10011011, 11111010 10111 Firmani 01
01111 11 (1000011001110111010010 101 11 10111010 001 001101 101110010 10
11011011,01101101 0000101 101011111000110 1001, 0110101010 10010010110101
rigore. 11110110110110100110, 0110 0111 001101 1101000010 011110 0011100000
rigoroso d’allestirsi 0 1101010101 11 quattordioi 1101111110110101110, 01110 11

. ‚ portarsi 0 0101010100, quale 10110110 01 00110101010110101011010101100

1110101 patrone, 0 10111 10001010 11 110101 00010 premo questi 1100111,
ί108011 01 01100001011 010 1110100 010 1101 assistere 01 1100111 101 00110
1 11110.

Μ1 10 1101110 1101101000οο 0011010111101 1’1001011010110101011110,
010 1100 000010 11 0000 propria d’esso 0011011 Sdrioo scritta 01 10101-
101010 11 Βο011011, qualo 1100110 11000011010 0 1011110 10110000110110 101
0011001111 11 quello 11010101 10 0000 000011010.

11110110 01110 1011010 0 00 0011110 10110 00101000 1101111011
ooll' 1110010 11 1100110110110000110110 1101100 10011000011 10 0101110 per
il 01010 imperiale 11110100110, sopra di 010 000110 00 fosrero 01011011001011
10 imperialis 00010111 por ministri 10110 1101111001, 1101001010 1011110
1011000110 011010101011 100111, 101 troppo 111011010 10 questi 001111,

 

