163

11161116 166161 gostraggs 16111616161 111 6161 1616611611 quocunque modo

16166111611116161161161 6161 6161 1166 661161 glitorn 16166161 Vor-

, rntig (161161166 1111 61111 66166 111611616166 11661 1611666161 66116. 11

61111161111111 611616 Worth: sollo man lhnen 61161 16111, 16161611666

61 priores 1661116116166, 116 661611161 111 116 unionem 666 66116161161611

. 161 11111161 1661616 661611116161 111 116 666161 1611661611 611161161161

6611161161, 6611666 1116 16116 16116 661116 tempi 111 Folgondt 116116 Con-

166161 1611166611, 6611616 1666 allorgnedlgst 611616116161161161166, 1616
6116616 611116 6161616161 1161116.

1161161161 6161 111-16161161, 161166 Finigo 0611161611 11166161 dem
81611611111611 1611 Η6116161611 16 16661161, 116 61 66 gegon denen
Goholnnton 111 Sy 66 wolton gegon 11. ll. M. in 1166 661116116116641116
1161161161, 11661116 16116 16111661 111 dal-durch (116 66111616161166161-
116161, 161661 1161 16661166661, 11611166 611661616111116161, (16611666
61661616161 6161 16161161 111 (16 111, Η6116161611, 116116 11661161, 61
6661 (1616611 6611161161 16 Er 6161 1111166 16116111611616, 81116161
1611661611166 661161. Wan 116 Ρ6666 in 111661 611116166611616161116
Vilior 16 nin Stntt 111 Voslung ointzulogon 111 6166 116 1711161161
modum praesidii zugobranolnon: 166 66 16116611616 1161161 (1661 ordinari
commendant 111 61116161 16 denen 61166 1666116116 616111161166616·
116111111611611611611161616161· 116 1111161 111 1611116616116161
111 1616611161 por modum 616161166 61611611, Α166 116 16116 61116, 116
111161 Anss 11. Κ. Μ. allorgnedigsten 161611 16 Capite 161 exercitum
661111116111161, wie 161 8116111611, 1666 1611661161 161 Vonzug gar billich

Ἴ 666616161.1161161611116116110. (1616111161 111 Κ116666161166, 1116
1611611611611 Breinor nochmallon gemossen anlgotlngon, dass 61 1661
16161611611116116611Ρ1611161 6661 6616161 166 1611111616 6116611611
166661, 66116111 11616161111611666 66 11611 1161 (611116116166161161, 1111
6611611161166 Ρ611161 161 1116116161 6116116116 nannenten 111 66161161
hindagapg gleichnollon durch onlauffnng 661616 6611611161 161 Saltzbnrg
1161616161 61661161; 111 1611161 1661116161 Ε. K. M. 66 161 1111166161
6116 11611 611 1611111611 6116111161 111116116111 1116661616111111611611·
lassung 1666661166 gegon emplahung 166 16116 61666161 166661; 1111611
worth: Sy Geheimbo 16111 661166 116111 1116111666 16111616 6161161 111
1616161 11611111161111666 111 611616 11 161 11111611161611 16616161116616-
ration 611611616166161111611661161; 161 111611 161161 1111161166, 161 1161
1611611 1661 10 6161 14 Tap 1616 1611611 66116, 1666 6161161166116
11111161 61161166161 16661161 116161 111 116 66611111 661161611166161
11161161,1611161116116 opportunitas 661 maximum 161611 1161161161( 61
prima 661661161611 6611661111 1661116111.

1116116111161 1616161611, 161 1111616161 16166116 durch 161161
116116161616 mit guten Ι11611161 nn 661161 611616161 roslpisoenz 111 161-
116116111 61 16116161, 111 61611666611611661 1166 6611611611166616111
661616161611 111 16166116 1111 0611616 6111116161 611 (11611 6161 116161
111161611. Ν1611 11611161 1111161 161 Β6111611 6616161, 11 661161116611 '

· 611111161111 161161166111661 161 Ρ611616 6116111161111 1116161111
1111616611 16616161118611611, 116 1611 16166116 61161 1666616116116111

1 16116161 sollte, 611616161161, 116 666166161161 imo 16616111661166 zn-
*

 

