162

Auss 1161161 freyen Herdcen oder 611116111661 11611 1611011161, 6011611 er.
6016161111661116161 616616 111 16166, 1161161 11161611161666616111111-
6616 6166116 1001 11611 6110111161. 1111116161 ime 6161 11161 1611011
Η6111161611 611661111161661616111661 111 6016161 (161 comesse rimbiich
16111611 worden: 1666 61 16111161 116 1611 66111161 111 1111111161 116
wider 116 1660111611 111 161611 1116661111 1116611101 1116111616111161611611
11166; 1611616161111666111,16666111. Κ. Μ. 111 161611 1161116111 116
Τ161116110161,111616160 relapsus 161, 16161616 6161 116 161116 11611
01 derne 116611 111116, 11611 116, 60 611111 6616611 61616610116166616116
111 161611 11 procinctu 616161110 1116611101, 6111166666 1116666 schreiben
16660 66111111161 11116166 111166661 mit dem Zrinischcn 8611 6166-
11111616 1111616 11616111111, 61166616111 111 61611611 werden sollte. Alss

’ 16161 16111661 116161016611616 (1616111611116116111111616116111161116-

11116161661161, 1666 s. Κ. Μ. 611 116661016161116016661161161,111161111
1666161610116111161 161116161101111166161, 60111611 161161, 1111 bey-
61611116611116111161 161661 111 60 01111161101161161610661 1660111101

111111161161161116616111111611161161 11111110116616111611166166· · ’

616116 operation 10111116161 111 161610110111111661 per 011116 601161
116 11116 111 11166611116166 6101 (161 8161111611 611 116 101166 161611 111
1161116110161 1111616661, 11616161116 1111611616 111116111161616611611111
’61161 1661161161111 60161 116 6611611166 1011611116 161661161 61611661
61111616161, 101 6161 disses 16161616 611111616116161, 1666111, Spenlrsw2
1661 61161 gemacht -111 111611161 6611601161 11661611110161, 1616611161
6161611161 11111611, 11161166116116161161 Ocrrespcndenz auch 1661111116
161111616111101 61161 1611611 111 00101116 611611161, 1111110161
16616161111 111161161116161161 111 darauf 66111166 1161616161611 Fini·
116101 1111661611, 16110161601616111 6110111611 6101 161616661 60116 ;
111 disses 11161 161111161, 1611 16610111610111161 116661201161,1661611
111 00101116, 1116116161 dis 1111161 1611161 661161 1061 161 (11611 101
’ 11111111611161 und 1111 1166611 1616161166 01116161 Β1611616 1101661161,
1666 61 00101116 6111101 1106111110116, 661016166 1611106661611111 161
6010166116611111161, 11 161666111 111 1161616161 661611161 were, 6166
11161 welche 166116611161 601160116 06116110 6666111611611111 161116111
11011161ι disse 166116166111 111 661166116 16161161 111 161610 primo
11116116116666 16611111161, 161161 11616161 1111116616166111111161,
1666 Sy der Schiffen 11 111161 Β1166611 111 601616111611161666661; wic
111161161 6161 161 Η6116161611 111 Β161161116116116111116116816111611
(wie es Β161161110111) operires 601161 661161 6116116111161166 111661-
161116111166611 111 116111161 10116101 601161, 161 cupido 61011661111166
Victorias perdidit 61 Victis 6161106161161111111616, 101 61161 1161 166 616
16111101611661011161 611116106661 661106161 66111610 61161661, 6116110
6161 661 11 610666 (1011666 6616661 haben. 111611 11611661 601161 8111011
6611111 661161, 1666 Sy 166 Laudi 16661 1111610611661161101161166661,
601161166111666 60661 Η111661111116111661 61116161 mii geworbeeen
0161 1611-11111161 16661161601161, 1161161 666616101 111116, 16 1161 wider
den Zrin operiris, dass 61111166161811111161 61161 6116111 11161 116161.
111161616111116616661111116 6161 1611 (1161161 101 Η6116161611161116101161
11611161, 1666 61 116 611661161616 1116611101111611611161101611, 111
166661 6011011 6166166 (11611616 101 Zrin 61 101 11661111111106161 “

 

