218.
6666, 4 66611666.

1661616 16166 66166666 61666 61666666 6 16611666 1666616666 6161166
Kranjske: On 16 6666661166, 616 66 66166 za 6116666661 6666116, 61 616666
6666166616 6661666616, 6 6 1611666 616666 6666 66 66 816666666666

6616ὺῖ616666. 1 1ο 66661666 66 66166 666666 rad obrane.

. 219.
1670, 416666161166666.

VoJeno 61666 61661 661661666616116661 116616 6166116661 Η66616
61661166661616161116 6 66611 661666616166161611 mu 6661116666 161166

666666
lbid

220.
1670, 4 travnja Gradac.

16166661666161661666666661 66166116, 66 661661, 6616 66 ima 66-

61161611ξί 666 11661666 1 011616, 166666 16666616· 1 svim ju 6616666166
6666.

1116.

221.
1670, 4 1666616. Bab.

Dvorski 161616 6161666 1166 6 pomoc'i na 66166166 666666 66166666
61666 61166666, 6616 66616616 666 666111 intimat, 661166 66 biskup 66166-
1666116616611616 juridicis, 6666116166 militaribus „modo provisorio“ 66
1666666116 66 616666 1616661 66 166666 66611 6616611666 66616 666
16116616661661166616 16116 nego huden Η66616661 661666 6161666661
16116 66616 6666 66666 1666661 61 616666 6666 11666, 66 to 616 prije 1666,
66 66 6666616 616611616666666.

1116.

222.
1070, 4 1666616. (166066.

1616666666 116661616666166 61611666, 66· 6666616 66616666 66 66616
616666, 6611 66 6166661161 66 66166666, 616 66 1166 61661611 1616616666

66161 1 1166616616.
1116.

2211.
1670, 4 16666116. aradae.

‚d ijeno 61666 661616 gradu Radgoni‚ 66 6611666616 1616666666161666
m 6616.
1061.

 

