134

1133 331113333 31 13131313, 13 1 njim 1111 113 133 3311311311 3 33 13 13
331313331313 Η31131313133 3 11311131 3333, 1311 mu 3331313 31313311
13133. (11311133131133 3311113133, 13 mu sva 33313 11333131311313 (33131-
331133113331311313, 1311 33 133313 3313 111131313133133313 131313
1111111111 1 grofu 1113311331 1111131311ἰ 1311111 11131Ξᾱ1 131131Κ3οὶ1131331 131131
11113111111111111311113111111131111111111
1311333 33 3111333 11313313113. 11313113, 13 1333111313311331313333111313
13113131 kapitula, 13 1111131333 stan 33 331313 1111131333, 1313 ima 1311.
131313 13 331113133, 1313 333 1131131111. 833 mu 13 313 13111131 33313133
11313313, 13 1313 3313 313133 13 3313113; 1 1ο 13 13133331131313 1 331-
31113 13133133 1313ὰ1ἓ111113131 3313 3133333113 113113313311131311 0 1313
3313331333 33133 31333 1113133 na 3313.

1111,
202.
1670, 2 11331113. 1113133131 Β13333133. ,

1313 ,1313 113333 13313311, 31 13 noima 13313 3313131 3313 mu 331313
10111
203.
1670, 2 11331113. 1131111υηὶ33.

Β13333113113 11331333313113 1 331. Ι31313 3111313313 131133113
313313 granica, i da tamo zapovjedi primi.

1111.
1670, 2 11131111. 0111111111.

11331313133Ρ311313, 113313131111313 0133313 (1113133), 11113 331.

111313, 13131113311 1133133 1 313133 1313313 3313113 1331113333, 1311113 ·
31333 33 31313, 131 11311113 13 13 33131313 3331 3131111. 03 13 13 133113
, 13111113331333111113313ς 1 3313113311 3311311131, 13113 33133 33113 31331-
3113 3133113. Misli 13 ga Zrinski nee'e 131 33113311, 131 13 331313 131

331313, 1313 3131313331 3 Logradu.

111111.

1670, 2 ma. (131133.

8131111 (1311111 13111313, 13 33 111311 31313133 1 3311131111, 13 33
13111333 (131133 3131111 1311331, 3331 1113131(Ξί 3131313131 33313111 3313331
13 33 311313 11313313 1 13 33 3313113 3 311333 11331331 111311131111131311313.

1111.
167112 aprile. Palma. 1131113 afim: 31333311313133333 u Furlanskoj,
1111311313,113333311 3 33133111 31313 Petra 1311331313 a· 11. 1133131333.

01113 quanto 333 13 11333313 131113333131 1313133313 3113 83133111
1331133311313 333111 113133113311 li sudditi 3131133311, 1313 113333 aggion-
. gero 13 3331333133111113331333 13 3331113311, per 13 (133131 31313 33113313

 

