IX

1010 100 10100 1010011 00010010110. Ali 10 00011000 00100111, 1010 000
011010 ’00 0010 0001001000 000100100 0101100, 001 10 000 00 00010 100011
0001 0010010 10000 0010110, nego 1010000000111, 100οΡ01001010010000 00
drugom 0001 10000011. 11001000οο00, 01100010 0000001100 0010010, 1010
mu 1010010 0 0101000 0000010-1000101000 0010010, 0000101000 00001 0001110
000010010ςο mira 10000110 Porto 1 1000011οΙ 100 1010100000, 0100000

11 001001664101100. .Νο001000110100, 1010001010 000011, 001001 0111 ,

10000 0 000000 0000000110 000 011010, 101 00 00100010 10000 10100010-
0000. S toga 0010110 sam, 10 00000100000000 0000100000 00010 01101ος 0
0001000 010010 0010001100 10001010111011001011011, 1011000 011001001000·
00101 00001010 0010101 10001010ςο 1000 0 0οοοι 00110010101000. 0001 00

, 1101 moze 00000111 11000001011001011011 00101. 000100110 101 010000
= 10000 000. 8000010 1 00001000 000100110 1000100010 0 (10010001 0011011000

1001110 (1110110 11001 110100011001011010110000 000 100 1011 110100001οο-
00111 Ι. 10110 110 110010 000100. (1000110110-(1001100. Β1. XX, 305-331)‚
od 10111 0001101011 010010 0001 0 1003110001οι 0100101000 00000111 0000·
1000110110 0 Ρο01000 101 1661 godino. 111 00000 0001000, 101000 01011000
01001010, 000010 0 0000000000, 101 00 00001011001010001000110 [10000101
Ηο001010 100 1 1000010 1666 01100110. stoga 10100 sam 00 00101110, 001·
011111 10101100 1000000 111010 00 00000111 0100011000110 1665 1 1669 go-

} dine, 010111 10100 1010210011 10000 010000000011110 10000110 1011000

100001000010001101100 0000101 10000101. Ρο100 1010011 01010 101 u 001-

1 010ιο 1669 godino 00010 101010 0010001010 000100010001111; 001010110,

’ 0001110 01 0010110 01101010 godino, 1 000011 00 0001110 000110 ιι 0001011001. Α

0125 0101010 1610 (10. 81) 10 30 1000010 167100111011000000 0000011 Ι
0100001010οο 00 00011 100. To 10 1010 000, 001010 01001110001110 00·
0000001, 0 00010100100010 00011001000000 0 10010 01 549. Sto iza toga
011011, 000010οο 10 samo 001000010010. “

Ιο00000, 1010 10 000 011010 00000111 111 1010 00 100000 0 000001111

000111 0001 000 01010001; 011 0010 0000100111 0 11100011 000ςο 0010, 101

010 0001001011 ὁ 0010010 000 10100 0010110000101 000011 10 000 011010.
10110100. 1110110 1010000 0000030 Κο100100 10100110010 1 0000010
0100100 00010 110010, 0 1 0001 010001, 1011 0113010 001010ςο 10000101000,

³ 10000 1000 01000 u 01 0001. Ali 0000001001000100, koji razjasnjuJu
ξ 101010 0011100 0011 1 drugih 010101010 01110 0100011 1000101011 01110111 do
’ 0111001 0100110010, 0010011000 1000100 11 100001 0011101.

. 10110 00010 00010111 0100110, 110 00110 00011 0 1000011, iz 10111 00-
1010 10 011010, 10 00001001 000101 101001100010, mogu 00 0 100110 10000111
’ 0 0000000 1010010.

Kod 1100000100οὶ1 1000000 0110110 0000 ona 001010, 10111 00 0010001

 

