447

· 113131 3331133, 3331313333131311313 333 1313 33313133 133333 33331331
1313313131 33333, 133333 1311311113 13333. Μ3333111 3131131313 13311133,
3331313 1313 3331 331313133 wellen.

1133 3131 1311 (1331 133 Zrin 331331 33111333 3331 3333333113 suo
313333133111 worden, 313 33 331133333333, 13333 3111 3131113 131111 wider
1133131333, 3113333131 3311333. 3331131133333, 131 33 331331
31331331133 33 313313 33333, 313 113313 1133 3311111 333 13131313133 re-
1311133 333333313311133. 333311313333 31133 11111133 33313131131333, 331
331113131113 33 333133. Zu obangezogenen 331131311 Martii 33 13113
3131113333333 3133113333333 331131133 113313131 1311 3131 3331331133
13113333, 1333333131 131331333 3331331133311133133 3331 311313333-
333, 133 33 3313131133 13113 333133113333333 1313111133, 333131 11113311
33131333 331 1331131133 1131133.

Zum 133311333 11111 3131 1311 3331 mit deme 1333111333, 1333111
11333. Μ333111 durch 331333 111133 33 311 311313 3133333 33333 33331311,
3331313 11333113 3331 13 113 11313133113111331133 33333131 3311131133 31

- 33313311 13311331313111311311333313313313333 313331133 331 31111333

331333 33331133113, 1333111133331331333313333111133133 3331 111333311
131131311131313 mogon, 313133113113131131313313311,11131333 Μ333311 11
3113333131111331331 3311133333 genesim, 331 331313 1111113313 31331333
3333311, 3313111313133333 3331 3131 tanquam 33333133 3 313331313 33331-
333 133 3313133313 313313 σ,1 1313113331 1313113111313133 313311 ihr 11333.
1333131133313311313 31313113113 331 31131- 3313111331311113 3311 333133
1111113, eoquod 333 justi 331 peccatores 31331331 31 tdemenoia.“ -— Hiemuf
ioh replicando 11331131 113333 33133111 1313311111, 133 1311 3331 11131 133
3333313113 33333133 31 existimationem, 33313313333311 13133 33113,
3131113313 3133133133, 1131133 3311131333. 13333111 11313131313313
331 33111333 Rath 311311311, 11333 3331 3333331113 331 1131133133 31
13311333133 31 removendum praesentissimum 331313 3313331133 meissen,
331 11313 333331 31133 Zweifele 11131· 1333331131313333111 3111 ,3311133-
113133 331 3333333133 33113333, 31333 1311 3131 333 Zrin neben 331333
33331131133 13 3313313 333 31333311331 333133133133133 13131311333 313
1131333 331331133 3311311, 313 133 111 313 33 3311133333331333 Unruehe
331 133311 3111331111, 33 1333 3333331 33 1333133 hat.

1113331133 1333 3311331331133 13113 313133 333 Ζ313 33111311131131-
33131133 3133331133, 331 133131331 13333133113 333131331333 311333131
1313311313313333111 13 331331313133111331. 311 311313 311 33113133
33311111131 13331313133, 3331313 3131 113313 331 13333 13313133 3111331133,
331331313133 3113333 33111333, 113313 13131 1333113133331133113331131
3133333331311331333333, 331111111313 331 3113111313 1331133313 333 111. Β.
11311. inclusive 3131111313333131, 331 3313133 31133 113 313331133133131
313 331331311113 1333 13333 abominabilem 33131133 33331131133113 3313
1131331333 311 3311313 3331 33111313 3113111313 3131133, 13113131 3131
113311 331 expressum will 1333333 13133, 331333133 131113113313 313131-
1331113 3313 331113311113 11133 Α. 3111131333 331113 13311333313
wi 13113333, 3331 weniger sein 1333131111331333 mogon, 31331331333 31
113133 333331331333 311333 3131 13113333 33333, 333131133 133133133,
3133 1311 13111331 33 3331313333, 133133 3333333313 eb'eque 3113 3131311333
331133333133111333, 31313113331333111333131 obenB. 3333333133, 113-
311 31131331 33113331 13331133111131, 133 311133 3131, 3133 11111333.

 

