32

11919.191191919119119191119119,91999111119,1119919991991.19919-
19191911 1911 119111 divulgata alr· 1119191199 99119 fondamento, li 19 91919
991919991; 9191111 11999191, 91991199191991919111119191199199919999,
9919 1191111 11111191919 1111191191191911119919.1111111111 dunque si 1
11991119 portare la notitia 19111 commissarii, che 99911919999 prosternente
9911111919119919911919. Η919199919999111 19 9991111919 1 9191191119 19

· 91991119111111,9191191999111999919119991111999119119.(199191919-

9119 1919119 9911 11,1199 91919119911119111111 migliori 9 9919911911919 19119
9999 91 amicit 11919. 919119 1991110 919911 9119 119111919 9919199919911-
tute 999911191991119, 999199 911 191191111911919111 1919199119 99919
991999919. Hora 11999 9911119, 919 1919111119 99919991119 999 9919199 99-
91111119 19 9111199 9191111 119919119 et 19191999 militia. Non 99999 91199119
999911911999 11999919 9919119. L' incursioni 19 111911 9999 999 9999 11-
191919 91 moderate. L’ 9111111 199111191911 similmonte 919 19 11919, 191
99119119 9119199199, meno 91 9199119 l’ indignatione 91 11991999991991
0111991911. Quosta 99119 99 99 19119919, stalli 99191191 911 19119 919119 91
119111919 119919119119119 1999199, 919 999 91911911 1919119911 91999191,
9911991919 9 1911919191” 19 1911199999199119919919. 891919 11 1991119111,
919 9191919 19 1199111 tioned' 11991111919 1911 11919119, 191 999991919 919911,
119111911991 191 199199 91 1 91 ogni 1111919 19111119, 919 1999119 9119 9119
frontiue, 19 quei 11119991 91911119 11 quartiero, 9911119 9911 momento
91199111119119119999. 0991911911911911919919 991991199119 91 191119-
1119 11991919911 conformare 19 sicurezza, 1991191919 11 19911 1111911,91
919 199119 di 919991191119 99111911119911111 La 191111 1, 919119 9919119 .

19119 9919999 991119 11 periculo, 919 911 119919919,191 1 1991919919 19-
919119119119 stesso 1911991191 commosse 919199119119 19119 9991919, 919·
119191911991919, 991911, 99991991999111991919 11111119199111911 19919,11
919 fondamento 111 9991999119 991 19 9191191991 9 991 11 stipendii.

U 111191 9111911.

47.

1669, 39199199. Vienna. 19919119]Ι 111919991991191191119 Ζ919199911919-
991111911191911 Hrvotskoj c' 1199191991.

Da Β9191919 1191 9911119, 919 9991919 891919111199911919 11111911
119 99111, 119 19 99991191911919 919119 91111, 191119 19199 Grauisca, 9119
119111919 11 8911919119 9111 Oroatia. 11 99119 11 811119 191991999119
991 191 9999 99919991999. 9111191919. 919 91199 999919119 991111911119,
1199911119191111991111119 91919119 1’ 9119911 991 tutto. 11 9119119 191
9199119 91911911119999 11 99919, 19 919 99119 919991119 991999919 1911-
111911 111911 modo (1919919191 9919111919 9919119. 11 bassi 11Β11919
91111919 91 99191191191 1199919191919999919. Η9 19 99199119111, 91119 19
1919 militia, la 99119 19199999, 919 919 91191919 991 l’ armi.

U 111111. 9111199.

 

