131

161116116116116Β6111611111,11611 1161 611 8116111116611161,11111-
161611116111611111 16166116116111111111 166 1161116 111 111 11611111
6116111116116 111616111611, 1116111 6616166 66111 1611116111 11 1661611161
11111111161111111 61161 116 11111161 116111161 11 1111161 111111111
61106116 11 macheu 11166 61 1161161.α 116 1161161 1161116661111611
111111 11111611 1161616111 111 1161111611 1616111611, 61111611, 1116 61116166
11116 1411116 11111111 111161611611 1111611111, 6 11 16 661661611111111-
11116111111 6. 1161611116, 1111111 616 1ο 661611111 1111116111. ,1111 11611161
161011111 161 011161111, 161 01. 111 Herberstein·¹ sich bey 6161 11111
161166111111161111111161, 61 1611111, 0111161161, Β1111116111,11611611·
1161111 Ρο1161161 111111111161, 1161 1116 11111116166161611111161,
111616111116 161111 116161 611 1111111111 gegeben, 11611111 desewegen
11 diesem 61611 Β611611 und 0161661161 11 1111616106161111 1611161111-
1161 6116161116161616 116111 1111161,166111111 166611161111616611611111
66161 1116 111161161 116 0161166161 111 ihren 3161111611161111611161, 61
16111116611116 11 der Trew und Β661111111161161161161166661.1116161
166 Gr. 1111161111161161 116 161111161116161116611611111161 161161
11 161116116166166111111111111 dehere 61111611161111161, 6111661161
Ρ61611 111616161611.1)11611 1111161111116161616 Commendo 1611 Gr.
Η6116161611 11 11616161 Euge noehmals 11161611611161161, 111161 sehon
die 1111161, 116 1611 111161 modum 111111 1116661 1111161.1
U 1111. 6116161 u 116111.

1670, 30 61111111. 1161.

leopoldo 111616 116111611161 611111 1116161111 111. 016611111111-
161111611 111116111111611, koj 16116 1711111111 1666 1116116 6 6116111
611111611 661611 1116116 66 1111 mu 1 161111 2000116161111500161·
161116116116116116111 16116116. Τ1611 66 11 111616 1111161 proti Pet 111
Zrinskomu' 1 1111611111 1111111111.

1611616116111611161111616 1661611111 Β1111116 111611116 11616 616-
11611, 1 1161111116161 1161111116 11161111611611.

1111.
190.
1611, 61 116116. &aeonae

Ban Pet 11 11116111 11116 1611111111 11161111111116111 111166161111

Leopolldgoez· 16 611 116111 1166111 116 0 11111111611,6111161111620
1661161616, da 611 11116 Ζ1116116111666111616;,1116161161111116
116111111116016161 61116661, 6111 116· Β6161 11 01611 1161 6111611616.

- 1116.
191.
1616, 61 611111. 161.

Car Leopoldo 1116 111611111 116111 01616111 111161166116111111-
1161111111, 11611 11 111111 1161111111 1111161611611111161161-1161111111
0111611, 1161 116 16 6111 16111116,1111611111.81666611111111111111116111.

ς

 

