111

1010 00 00010010 00010110 00000010. 1000100000, 010 10 0001 1000 00010
0010010000οο 0 00000010 0110 0001001100111001 01110111 010100ςο grada,
1000 010 1011000 0. p. 000 1000000800100101, pade i 0100101100001010 00100-
0101000001.

11001θο0110οο0 0110000101, 101 00 1603 godino pripacia 01110111
1010100100, 10011 0 000101 101110101 500001011ςο i 480 00101010ος 00110 000
10010 10000 00 00100000111100000101. 100001100001101000 00 100001001000
1010100100, (1609-1671) 10000ςο 10100ςο 0001010110 0000100001001, 0000
000000100100101110 1001011010, 01000110 10100000, 00100011 0101001 1011101010
00010 00011 1001110110 100011100001 101010011011100 1869.) 000010
0010110 0 1001010100 00 100000010ςο 00110000 110100οΡ01το Zrinskoga‚ 100010
1000100000, 0000ος0 0111000110 110100100000100010001000010 1101110000
0001000 Naro, 0000 Ρο10000 111010010100 sina 10000 001000, 00000 Pe-
1000010010 10000110101000000 1000110 801110 0001000 10000100 10101, gr.
Βο000000 1100110100, 1001000010ςο 10000010 1. Μ. Ηο01000010100110. 00 0011
1101000 0010100100 18, 101100 10010010 0 00000 01000011ος 0000100101οη
00010110 001 10000010 Ηο01000010100, 100 10000 10000010 10100 001011 00101110

3 0100010 0001011010, 010 10 00000110 0 Ηο00101000, 100110 10 1000 Ρο1001010011

01100100 00 1000001010. 80100 0011101001 1 1001001011 0000011001 0010000 V.

¹ 1010100100, 000000ςο ministra cara 1000100100, 101 0 00000 10110010 igra
1 0010001030.

101001011011100010 10 1000000 0010000110 000 0000010001 0000000000-
, 1100 01100010010100111 100100 000 spise, 1010 00 00 0000100 00011 1000010100 ῑ
1 Ζο10010000 11000010100010000000000ος 10 sam 001010 1000000 samo ¹

¹ 00 00010 0000100 00001000 1010. 0110000110, 00 001001 100001 mnogo 0001000111

same 10100100 spise i 001010 10100000 000100 00000110 01000 0010011 0000
10001000000010100100. 1010 1000100000 0000101000 regesta, 1010 00 1000000
0010000001 00100 0100111011000 000ςο 0110010. S druge 010000 10110 bi, 10100
00100100, 0001000 0000001000000, 1010 0100000 priobdujem¹ 0 01010011 01000-
1011110100001000011 000 000010, 1010 10 1 00010 100010 0001100010 0000010.

1000110000 granica postavih. 1000000, 0010000 0101000 001100
1011000 01110110 10100000 1110011 00 1010ος0 00000000 001100010οο0 00110

² 0010100101110 00100010, 00011001100011110000010, 0010000000 00000 100-
, 1100100 0000010100011 gr. Ι. 0101100100100, 10000000 00 00110000110010-

1 000 00000. 1000ηο 00 100000000000100 ugarskim i 0010000
1 00010010110000 010111010 000 0000000001 0010010110 0111000 0000000010,

’ naci 000 00εο 000 00000 000 gravam Manathaffioschichte 00 000-

0010110010οΚ010000100100.Ηο010000 1848, 8011, S. 08-9811 100 A.
' 110110 (op. 011. p. 285-334). lz ovoga 0001ος0 0010100100 10100100 10 gra-
Ἴ 00010110 10100000 0000000110 0000101010 proti ’.10110010010 0000100000, 1011
³ gorore 010100101001000 (00. br. 552). 1010000100010010000 00 000000

 

