105

1110110101, 10101111 10110100 110111 0101110 00 10110111011110110111 10
11011100000, 0101110111 1110111011110010101110111 Κο11110 10103 1010111-
0110. 1010 01 1010 1111110111 031111 1 1111110110 0011111011011 0101111111. Al
010 010101110 1001011011 1103110110 10 1ο 11010, 10 001 1011101 01101111
031111 1 80111 1 1101110 101011011110 01110 11001011. 011 01 101111 1101110111
od 00 0.0.(10111111010301110110011111110 11111, 101111 du 11110-
10101 110 111010 030 11010 11110111 1111110101 00 20000Το1010 11011ος
1101101011 1010 1011101001 10310111 1101011001 1 101001001111101010110110.
Toga radi 111010 101 10110111, 10 00 10101101110110311111 100111 11101111,
10110 10 3101 Ρο1010 10110101011 1031110111, 10 1 1110110101 101000 1110
10110110101111101110(Ζο1000) 11110 1100011010 11010010 1011110 10101101,

1011111 11101 1111110110 01101103101101. 00111 10110 1101110 00100 11111030 ·

(24 1111110), 1101110 0101101030 0110111110 (101 22110110) 11101110 00110103
10101010, 1011 1111011010, 10001 Βο1011111110110 100111 11101010, 1101110
310110101031011001103011011110 1110101100, 1011 11101 001011111010111111-
11011 1111011010, 10 10 11111011 1010110 101011111011110111111101111011-
1001101310101100101100 11010011, 1011 1110 00 001011, 1 1111010 11110110
1011101111, 0111111111011 poslati; 10 10 Ζ1111011 110οο 0101110111, 10 1101000
11111 11111111, 1000 301011 0111011011 1171101101 101110 mu 310111 0111-
1111. 110110 1010 100 1101101 1111010 111101030 0111101111 1 110110100 0
0110101 11011111 111.; 10 1111011 1001010110111. (2411101101. 81011111111011
1103111011ἰί 11το11010 1 101010111 1101101101 Ρο101010010, 1 101111101130,
11011 10111101οε 1. 10 0011010110 11010 1 01010, 10110 11110 sano 4110010
11010, 11111011 1010101 101. 2. 10 111 10101110001101000111 1011110 01-
mah (011113 0111110011.) 1101110 101000 110101111110 1111101110 110-
1101110. 3. 10 00 031111 00 1111101100] 1 501110111οο0 0101111. 4. 1010 1010
10 00 0011 00 00 1110111000 010011. 5. 00111000 101010 (1111011) 10 00 1110110 .
1013101101 (1. 1. 1101110 1101100101) 0111011101 1 1101101οο. 6. 1110110101
1000 1010110110 10 11το11011, 10101000011010 ’1. 010110010111 111111110-
11111 1011011 10 00 1010101000, 10 00111031 11101111. 8. 101 10 0 10310111
111011 00, 10 00 101011101 10101111. 0101111 10 01 1001011 po Ρο11111
Μ10110. 101011 00 10 01010 11110011 1 3101101, 1 10 1110110 11111030, 11011-
0110000,1111011101101110, 0110111110, 1010 1010 1101011011 1001111010
1011010, 100110101111001101001100. 1101001 00 0101111 11011 1111011. 00110
011103100111, 101110 10101101 (11011-11110011) 1110130101. Ρο01011 0110110
’ 1031111 10101010 praba i 01010, 60 11101010, 1 00111 1101101 2 00110
010101 111110, 010101010 Ρο111010 001100011010 0010110 1110110111 011011-
1111. 1111011 111010 11011 1011 11 010 010 101010 0101110 111011011 101
011010 1001, 10101 mu 010 00010 01101010, 0 101103110110110 Βο110, (1101·
1110, 11010, 01 001100110 00 0010110301 1101111101, 0101111 1010 10111031
1110 101010 1131111, 101 101110 101000, 1100011010 10 puk 101100110101
1001011, 10 00 00 01 10111111, 0 0101111 101000 10111031 113110 10011111ς
101101 1030111010, 10 11100 1101110101101 1111111001 1010 0011010 1110-
3100 10111, 10 00 1011110 0111011. 11010 00 0311111, 3110 10 011 1111101030
Ι101011101111, 1ᾐ8111111011η110111 0101111111110 011030 1130113ᾱί 11111111ίο1
11111111,11111101111111111110111110111οῗ “⁰¹¹²

 

